196.15809645036472	196.15809645036472	196.15809645036472	196.15809645036472	196.15809645036472	196.15809645036472	196.15809645036472	196.15809645036472	196.15809645036472	196.15809645036472	196.15809645036472	196.15809645036472	196.15809645036472	196.15809645036472	196.15809645036472	196.15809645036472	196.15809645036472	196.15809645036472	196.15809645036472	196.15809645036472	196.15809645036472	196.15809645036472	196.15809645036472	196.15809645036472	196.15809645036472	196.15809645036472	196.15809645036472	196.15809645036472	196.15809645036472	196.15809645036472	196.15809645036472	196.15809645036472	196.15809645036472	196.15809645036472	196.15809645036472	196.15809645036472	196.15809645036472	196.15809645036472	196.15809645036472	196.15809645036472	196.15809645036472	196.15809645036472	196.15809645036472	196.15809645036472	196.15809645036472	196.15809645036472	196.15809645036472	196.15809645036472	196.15809645036472	196.15809645036472	196.15809645036472	196.15809645036472	196.15809645036472	196.15809645036472	196.15809645036472	196.15809645036472	196.15809645036472	196.15809645036472	196.15809645036472	196.15809645036472	196.15809645036472	196.15809645036472	196.15809645036472	196.15809645036472	196.15809645036472	196.15809645036472	196.15809645036472	196.15809645036472	196.15809645036472	196.15809645036472	196.15809645036472	196.15809645036472	196.15809645036472	196.15809645036472	196.15809645036472	196.15809645036472	196.15809645036472	196.15809645036472	196.15809645036472	196.15809645036472	196.15809645036472	196.15809645036472	196.15809645036472	196.15809645036472	196.15809645036472	196.15809645036472	196.15809645036472	196.15809645036472	196.15809645036472	196.15809645036472	196.15809645036472	196.15809645036472	196.15809645036472	196.15809645036472	196.15809645036472	196.15809645036472	196.15809645036472	196.15809645036472	196.15809645036472	196.15809645036472	196.15809645036472	196.15809645036472	196.15809645036472	196.15809645036472	196.15809645036472	196.15809645036472	196.15809645036472	196.15809645036472	196.15809645036472	196.15809645036472	196.15809645036472	196.15809645036472	196.15809645036472	196.15809645036472	196.15809645036472	196.15809645036472	196.15809645036472	196.15809645036472	196.15809645036472	196.15809645036472	196.15809645036472	196.15809645036472	196.15809645036472	196.15809645036472	196.15809645036472	196.15809645036472	196.15809645036472	196.15809645036472	196.15809645036472	196.15809645036472	196.15809645036472	196.15809645036472	196.15809645036472	196.15809645036472
196.01267229515668	196.01267229515668	196.01267229515668	196.01267229515668	196.01267229515668	196.01267229515668	196.01267229515668	196.01267229515668	196.01267229515668	196.01267229515668	196.01267229515668	196.01267229515668	196.01267229515668	196.01267229515668	196.01267229515668	196.01267229515668	196.01267229515668	196.01267229515668	196.01267229515668	196.01267229515668	196.01267229515668	196.01267229515668	196.01267229515668	196.01267229515668	196.01267229515668	196.01267229515668	196.01267229515668	196.01267229515668	196.01267229515668	196.01267229515668	196.01267229515668	196.01267229515668	196.01267229515668	196.01267229515668	196.01267229515668	196.01267229515668	196.01267229515668	196.01267229515668	196.01267229515668	196.01267229515668	196.01267229515668	196.01267229515668	196.01267229515668	196.01267229515668	196.01267229515668	196.01267229515668	196.01267229515668	196.01267229515668	196.01267229515668	196.01267229515668	196.01267229515668	196.01267229515668	196.01267229515668	196.01267229515668	196.01267229515668	196.01267229515668	196.01267229515668	196.01267229515668	196.01267229515668	196.01267229515668	196.01267229515668	196.01267229515668	196.01267229515668	196.01267229515668	196.01267229515668	196.01267229515668	196.01267229515668	196.01267229515668	196.01267229515668	196.01267229515668	196.01267229515668	196.01267229515668	196.01267229515668	196.01267229515668	196.01267229515668	196.01267229515668	196.01267229515668	196.01267229515668	196.01267229515668	196.01267229515668	196.01267229515668	196.01267229515668	196.01267229515668	196.01267229515668	196.01267229515668	196.01267229515668	196.01267229515668	196.01267229515668	196.01267229515668	196.01267229515668	196.01267229515668	196.01267229515668	196.01267229515668	196.01267229515668	196.01267229515668	196.01267229515668	196.01267229515668	196.01267229515668	196.01267229515668	196.01267229515668	196.01267229515668	196.01267229515668	196.01267229515668	196.01267229515668	196.01267229515668	196.01267229515668	196.01267229515668	196.01267229515668	196.01267229515668	196.01267229515668	196.01267229515668	196.01267229515668	196.01267229515668	196.01267229515668	196.01267229515668	196.01267229515668	196.01267229515668	196.01267229515668	196.01267229515668	196.01267229515668	196.01267229515668	196.01267229515668	196.01267229515668	196.01267229515668	196.01267229515668	196.01267229515668	196.01267229515668	196.01267229515668	196.01267229515668	196.01267229515668	196.01267229515668	196.01267229515668	196.01267229515668	196.01267229515668
33.55529768141233	33.55529768141233	33.55529768141233	33.55529768141233	33.55529768141233	33.55529768141233	33.55529768141233	33.55529768141233	33.55529768141233	33.55529768141233	33.55529768141233	33.55529768141233	33.55529768141233	33.55529768141233	33.55529768141233	33.55529768141233	33.55529768141233	33.55529768141233	33.55529768141233	33.55529768141233	33.55529768141233	33.55529768141233	33.55529768141233	33.55529768141233	33.55529768141233	33.55529768141233	33.55529768141233	33.55529768141233	33.55529768141233	33.55529768141233	33.55529768141233	33.55529768141233	33.55529768141233	33.55529768141233	33.55529768141233	33.55529768141233	33.55529768141233	33.55529768141233	33.55529768141233	33.55529768141233	33.55529768141233	33.55529768141233	33.55529768141233	33.55529768141233	33.55529768141233	33.55529768141233	33.55529768141233	33.55529768141233	33.55529768141233	33.55529768141233	33.55529768141233	33.55529768141233	33.55529768141233	33.55529768141233	33.55529768141233	33.55529768141233	33.55529768141233	33.55529768141233	33.55529768141233	33.55529768141233	33.55529768141233	33.55529768141233	33.55529768141233	33.55529768141233	33.55529768141233	33.55529768141233	33.55529768141233	33.55529768141233	33.55529768141233	33.55529768141233	33.55529768141233	33.55529768141233	33.55529768141233	33.55529768141233	33.55529768141233	33.55529768141233	33.55529768141233	33.55529768141233	33.55529768141233	33.55529768141233	33.55529768141233	33.55529768141233	33.55529768141233	33.55529768141233	33.55529768141233	33.55529768141233	33.55529768141233	33.55529768141233	33.55529768141233	33.55529768141233	33.55529768141233	33.55529768141233	33.55529768141233	33.55529768141233	33.55529768141233	33.55529768141233	33.55529768141233	33.55529768141233	33.55529768141233	33.55529768141233	33.55529768141233	33.55529768141233	33.55529768141233	33.55529768141233	33.55529768141233	33.55529768141233	33.55529768141233	33.55529768141233	33.55529768141233	33.55529768141233	33.55529768141233	33.55529768141233	33.55529768141233	33.55529768141233	33.55529768141233	33.55529768141233	33.55529768141233	33.55529768141233	33.55529768141233	33.55529768141233	33.55529768141233	33.55529768141233	33.55529768141233	33.55529768141233	33.55529768141233	33.55529768141233	33.55529768141233	33.55529768141233	33.55529768141233	33.55529768141233	33.55529768141233	33.55529768141233	33.55529768141233	33.55529768141233
366.71345242883336	366.71345242883336	366.71345242883336	366.71345242883336	366.71345242883336	366.71345242883336	366.71345242883336	366.71345242883336	366.71345242883336	366.71345242883336	366.71345242883336	366.71345242883336	366.71345242883336	366.71345242883336	366.71345242883336	366.71345242883336	366.71345242883336	366.71345242883336	366.71345242883336	366.71345242883336	366.71345242883336	366.71345242883336	366.71345242883336	366.71345242883336	366.71345242883336	366.71345242883336	366.71345242883336	366.71345242883336	366.71345242883336	366.71345242883336	366.71345242883336	366.71345242883336	366.71345242883336	366.71345242883336	366.71345242883336	366.71345242883336	366.71345242883336	366.71345242883336	366.71345242883336	366.71345242883336	366.71345242883336	366.71345242883336	366.71345242883336	366.71345242883336	366.71345242883336	366.71345242883336	366.71345242883336	366.71345242883336	366.71345242883336	366.71345242883336	366.71345242883336	366.71345242883336	366.71345242883336	366.71345242883336	366.71345242883336	366.71345242883336	366.71345242883336	366.71345242883336	366.71345242883336	366.71345242883336	366.71345242883336	366.71345242883336	366.71345242883336	366.71345242883336	366.71345242883336	366.71345242883336	366.71345242883336	366.71345242883336	366.71345242883336	366.71345242883336	366.71345242883336	366.71345242883336	366.71345242883336	366.71345242883336	366.71345242883336	366.71345242883336	366.71345242883336	366.71345242883336	366.71345242883336	366.71345242883336	366.71345242883336	366.71345242883336	366.71345242883336	366.71345242883336	366.71345242883336	366.71345242883336	366.71345242883336	366.71345242883336	366.71345242883336	366.71345242883336	366.71345242883336	366.71345242883336	366.71345242883336	366.71345242883336	366.71345242883336	366.71345242883336	366.71345242883336	366.71345242883336	366.71345242883336	366.71345242883336	366.71345242883336	366.71345242883336	366.71345242883336	366.71345242883336	366.71345242883336	366.71345242883336	366.71345242883336	366.71345242883336	366.71345242883336	366.71345242883336	366.71345242883336	366.71345242883336	366.71345242883336	366.71345242883336	366.71345242883336	366.71345242883336	366.71345242883336	366.71345242883336	366.71345242883336	366.71345242883336	366.71345242883336	366.71345242883336	366.71345242883336	366.71345242883336	366.71345242883336	366.71345242883336	366.71345242883336	366.71345242883336	366.71345242883336	366.71345242883336	366.71345242883336	366.71345242883336	366.71345242883336	366.71345242883336
370.2841545102182	370.2841545102182	370.2841545102182	370.2841545102182	370.2841545102182	370.2841545102182	370.2841545102182	370.2841545102182	370.2841545102182	370.2841545102182	370.2841545102182	370.2841545102182	370.2841545102182	370.2841545102182	370.2841545102182	370.2841545102182	370.2841545102182	370.2841545102182	370.2841545102182	370.2841545102182	370.2841545102182	370.2841545102182	370.2841545102182	370.2841545102182	370.2841545102182	370.2841545102182	370.2841545102182	370.2841545102182	370.2841545102182	370.2841545102182	370.2841545102182	370.2841545102182	370.2841545102182	370.2841545102182	370.2841545102182	370.2841545102182	370.2841545102182	370.2841545102182	370.2841545102182	370.2841545102182	370.2841545102182	370.2841545102182	370.2841545102182	370.2841545102182	370.2841545102182	370.2841545102182	370.2841545102182	370.2841545102182	370.2841545102182	370.2841545102182	370.2841545102182	370.2841545102182	370.2841545102182	370.2841545102182	370.2841545102182	370.2841545102182	370.2841545102182	370.2841545102182	370.2841545102182	370.2841545102182	370.2841545102182	370.2841545102182	370.2841545102182	370.2841545102182	370.2841545102182	370.2841545102182	370.2841545102182	370.2841545102182	370.2841545102182	370.2841545102182	370.2841545102182	370.2841545102182	370.2841545102182	370.2841545102182	370.2841545102182	370.2841545102182	370.2841545102182	370.2841545102182	370.2841545102182	370.2841545102182	370.2841545102182	370.2841545102182	370.2841545102182	370.2841545102182	370.2841545102182	370.2841545102182	370.2841545102182	370.2841545102182	370.2841545102182	370.2841545102182	370.2841545102182	370.2841545102182	370.2841545102182	370.2841545102182	370.2841545102182	370.2841545102182	370.2841545102182	370.2841545102182	370.2841545102182	370.2841545102182	370.2841545102182	370.2841545102182	370.2841545102182	370.2841545102182	370.2841545102182	370.2841545102182	370.2841545102182	370.2841545102182	370.2841545102182	370.2841545102182	370.2841545102182	370.2841545102182	370.2841545102182	370.2841545102182	370.2841545102182	370.2841545102182	370.2841545102182	370.2841545102182	370.2841545102182	370.2841545102182	370.2841545102182	370.2841545102182	370.2841545102182	370.2841545102182	370.2841545102182	370.2841545102182	370.2841545102182	370.2841545102182	370.2841545102182	370.2841545102182	370.2841545102182	370.2841545102182	370.2841545102182	370.2841545102182
115.53684041699998	115.53684041699998	115.53684041699998	115.53684041699998	115.53684041699998	115.53684041699998	115.53684041699998	115.53684041699998	115.53684041699998	115.53684041699998	115.53684041699998	115.53684041699998	115.53684041699998	115.53684041699998	115.53684041699998	115.53684041699998	115.53684041699998	115.53684041699998	115.53684041699998	115.53684041699998	115.53684041699998	115.53684041699998	115.53684041699998	115.53684041699998	115.53684041699998	115.53684041699998	115.53684041699998	115.53684041699998	115.53684041699998	115.53684041699998	115.53684041699998	115.53684041699998	115.53684041699998	115.53684041699998	115.53684041699998	115.53684041699998	115.53684041699998	115.53684041699998	115.53684041699998	115.53684041699998	115.53684041699998	115.53684041699998	115.53684041699998	115.53684041699998	115.53684041699998	115.53684041699998	115.53684041699998	115.53684041699998	115.53684041699998	115.53684041699998	115.53684041699998	115.53684041699998	115.53684041699998	115.53684041699998	115.53684041699998	115.53684041699998	115.53684041699998	115.53684041699998	115.53684041699998	115.53684041699998	115.53684041699998	115.53684041699998	115.53684041699998	115.53684041699998	115.53684041699998	115.53684041699998	115.53684041699998	115.53684041699998	115.53684041699998	115.53684041699998	115.53684041699998	115.53684041699998	115.53684041699998	115.53684041699998	115.53684041699998	115.53684041699998	115.53684041699998	115.53684041699998	115.53684041699998	115.53684041699998	115.53684041699998	115.53684041699998	115.53684041699998	115.53684041699998	115.53684041699998	115.53684041699998	115.53684041699998	115.53684041699998	115.53684041699998	115.53684041699998	115.53684041699998	115.53684041699998	115.53684041699998	115.53684041699998	115.53684041699998	115.53684041699998	115.53684041699998	115.53684041699998	115.53684041699998	115.53684041699998	115.53684041699998	115.53684041699998	115.53684041699998	115.53684041699998	115.53684041699998	115.53684041699998	115.53684041699998	115.53684041699998	115.53684041699998	115.53684041699998	115.53684041699998	115.53684041699998	115.53684041699998	115.53684041699998	115.53684041699998	115.53684041699998	115.53684041699998	115.53684041699998	115.53684041699998	115.53684041699998	115.53684041699998	115.53684041699998	115.53684041699998	115.53684041699998	115.53684041699998	115.53684041699998	115.53684041699998	115.53684041699998	115.53684041699998	115.53684041699998	115.53684041699998	115.53684041699998	115.53684041699998	115.53684041699998
358.772109865539	358.772109865539	358.772109865539	358.772109865539	358.772109865539	358.772109865539	358.772109865539	358.772109865539	358.772109865539	358.772109865539	358.772109865539	358.772109865539	358.772109865539	358.772109865539	358.772109865539	358.772109865539	358.772109865539	358.772109865539	358.772109865539	358.772109865539	358.772109865539	358.772109865539	358.772109865539	358.772109865539	358.772109865539	358.772109865539	358.772109865539	358.772109865539	358.772109865539	358.772109865539	358.772109865539	358.772109865539	358.772109865539	358.772109865539	358.772109865539	358.772109865539	358.772109865539	358.772109865539	358.772109865539	358.772109865539	358.772109865539	358.772109865539	358.772109865539	358.772109865539	358.772109865539	358.772109865539	358.772109865539	358.772109865539	358.772109865539	358.772109865539	358.772109865539	358.772109865539	358.772109865539	358.772109865539	358.772109865539	358.772109865539	358.772109865539	358.772109865539	358.772109865539	358.772109865539	358.772109865539	358.772109865539	358.772109865539	358.772109865539	358.772109865539	358.772109865539	358.772109865539	358.772109865539	358.772109865539	358.772109865539	358.772109865539	358.772109865539	358.772109865539	358.772109865539	358.772109865539	358.772109865539	358.772109865539	358.772109865539	358.772109865539	358.772109865539	358.772109865539	358.772109865539	358.772109865539	358.772109865539	358.772109865539	358.772109865539	358.772109865539	358.772109865539	358.772109865539	358.772109865539	358.772109865539	358.772109865539	358.772109865539	358.772109865539	358.772109865539	358.772109865539	358.772109865539	358.772109865539	358.772109865539	358.772109865539	358.772109865539	358.772109865539	358.772109865539	358.772109865539	358.772109865539	358.772109865539	358.772109865539	358.772109865539	358.772109865539	358.772109865539	358.772109865539	358.772109865539	358.772109865539	358.772109865539	358.772109865539	358.772109865539	358.772109865539	358.772109865539	358.772109865539	358.772109865539	358.772109865539	358.772109865539	358.772109865539	358.772109865539	358.772109865539	358.772109865539	358.772109865539	358.772109865539	358.772109865539	358.772109865539	358.772109865539	358.772109865539	358.772109865539	358.772109865539
360.92772258652957	360.92772258652957	360.92772258652957	360.92772258652957	360.92772258652957	360.92772258652957	360.92772258652957	360.92772258652957	360.92772258652957	360.92772258652957	360.92772258652957	360.92772258652957	360.92772258652957	360.92772258652957	360.92772258652957	360.92772258652957	360.92772258652957	360.92772258652957	360.92772258652957	360.92772258652957	360.92772258652957	360.92772258652957	360.92772258652957	360.92772258652957	360.92772258652957	360.92772258652957	360.92772258652957	360.92772258652957	360.92772258652957	360.92772258652957	360.92772258652957	360.92772258652957	360.92772258652957	360.92772258652957	360.92772258652957	360.92772258652957	360.92772258652957	360.92772258652957	360.92772258652957	360.92772258652957	360.92772258652957	360.92772258652957	360.92772258652957	360.92772258652957	360.92772258652957	360.92772258652957	360.92772258652957	360.92772258652957	360.92772258652957	360.92772258652957	360.92772258652957	360.92772258652957	360.92772258652957	360.92772258652957	360.92772258652957	360.92772258652957	360.92772258652957	360.92772258652957	360.92772258652957	360.92772258652957	360.92772258652957	360.92772258652957	360.92772258652957	360.92772258652957	360.92772258652957	360.92772258652957	360.92772258652957	360.92772258652957	360.92772258652957	360.92772258652957	360.92772258652957	360.92772258652957	360.92772258652957	360.92772258652957	360.92772258652957	360.92772258652957	360.92772258652957	360.92772258652957	360.92772258652957	360.92772258652957	360.92772258652957	360.92772258652957	360.92772258652957	360.92772258652957	360.92772258652957	360.92772258652957	360.92772258652957	360.92772258652957	360.92772258652957	360.92772258652957	360.92772258652957	360.92772258652957	360.92772258652957	360.92772258652957	360.92772258652957	360.92772258652957	360.92772258652957	360.92772258652957	360.92772258652957	360.92772258652957	360.92772258652957	360.92772258652957	360.92772258652957	360.92772258652957	360.92772258652957	360.92772258652957	360.92772258652957	360.92772258652957	360.92772258652957	360.92772258652957	360.92772258652957	360.92772258652957	360.92772258652957	360.92772258652957	360.92772258652957	360.92772258652957	360.92772258652957	360.92772258652957	360.92772258652957	360.92772258652957	360.92772258652957	360.92772258652957	360.92772258652957	360.92772258652957	360.92772258652957	360.92772258652957	360.92772258652957	360.92772258652957	360.92772258652957	360.92772258652957	360.92772258652957	360.92772258652957	360.92772258652957	360.92772258652957
115.61513683928469	115.61513683928469	115.61513683928469	115.61513683928469	115.61513683928469	115.61513683928469	115.61513683928469	115.61513683928469	115.61513683928469	115.61513683928469	115.61513683928469	115.61513683928469	115.61513683928469	115.61513683928469	115.61513683928469	115.61513683928469	115.61513683928469	115.61513683928469	115.61513683928469	115.61513683928469	115.61513683928469	115.61513683928469	115.61513683928469	115.61513683928469	115.61513683928469	115.61513683928469	115.61513683928469	115.61513683928469	115.61513683928469	115.61513683928469	115.61513683928469	115.61513683928469	115.61513683928469	115.61513683928469	115.61513683928469	115.61513683928469	115.61513683928469	115.61513683928469	115.61513683928469	115.61513683928469	115.61513683928469	115.61513683928469	115.61513683928469	115.61513683928469	115.61513683928469	115.61513683928469	115.61513683928469	115.61513683928469	115.61513683928469	115.61513683928469	115.61513683928469	115.61513683928469	115.61513683928469	115.61513683928469	115.61513683928469	115.61513683928469	115.61513683928469	115.61513683928469	115.61513683928469	115.61513683928469	115.61513683928469	115.61513683928469	115.61513683928469	115.61513683928469	115.61513683928469	115.61513683928469	115.61513683928469	115.61513683928469	115.61513683928469	115.61513683928469	115.61513683928469	115.61513683928469	115.61513683928469	115.61513683928469	115.61513683928469	115.61513683928469	115.61513683928469	115.61513683928469	115.61513683928469	115.61513683928469	115.61513683928469	115.61513683928469	115.61513683928469	115.61513683928469	115.61513683928469	115.61513683928469	115.61513683928469	115.61513683928469	115.61513683928469	115.61513683928469	115.61513683928469	115.61513683928469	115.61513683928469	115.61513683928469	115.61513683928469	115.61513683928469	115.61513683928469	115.61513683928469	115.61513683928469	115.61513683928469	115.61513683928469	115.61513683928469	115.61513683928469	115.61513683928469	115.61513683928469	115.61513683928469	115.61513683928469	115.61513683928469	115.61513683928469	115.61513683928469	115.61513683928469	115.61513683928469	115.61513683928469	115.61513683928469	115.61513683928469	115.61513683928469	115.61513683928469	115.61513683928469	115.61513683928469	115.61513683928469	115.61513683928469	115.61513683928469	115.61513683928469	115.61513683928469	115.61513683928469	115.61513683928469	115.61513683928469	115.61513683928469	115.61513683928469	115.61513683928469	115.61513683928469	115.61513683928469	115.61513683928469	115.61513683928469
167.01535723515883	167.202110535299	167.39993383124994	167.60975140391184	167.83129747387642	168.06763762413652	168.3164086479629	168.57974538145982	168.85633911179525	169.15213905972098	169.46041990299926	169.78459652235827	170.12629791185586	170.4873283024042	170.8633194424655	171.26000493003968	171.67294857939092	172.10515055299817	172.55649539915314	173.02672231097083	173.51661057834454	174.02572822707302	174.55334521508678	175.09958039358474	175.66475823628915	176.24640510564763	176.84577049057376	177.46082090130065	178.0909487567687	178.73675391650903	179.394740873303	180.0643993810428	180.74330429663274	181.43190513771782	182.1264656419073	182.8253972140118	183.52767035814776	184.23001181106542	184.93093972628517	185.62717485700708	186.31842194065152	187.00048848042738	187.6718456834272	188.33033566702872	188.97329715408463	189.59916882666934	190.20575334751953	190.79107412634082	191.35343380974922	191.89226792628924	192.4044391579439	192.89018081065765	193.3491629994272	193.78027570638048	194.18198590306875	194.5554973908688	194.90047031866212	195.21734427520397	195.50627196756005	195.7682949330656	196.00373577755596	196.21429681996318	196.40056920456183	196.56415351541935	196.70564759529256	196.8275787327328	196.9301783741599	197.0157438420495	197.08477490506712	197.1395224610094	197.1815415665024	197.2109226983728	197.230683794214	197.23976798976472	197.24159066427538	197.2357615920216	197.2240767263908	197.2070533567701	197.1859197394129	197.16075806815365	197.13279181949784	197.10273696943045	197.0705010499438	197.03785348831158	197.00269677316697	196.96831094933586	196.9334700729228	196.89862513360592	196.86431749057687	196.8304383045963	196.7972407885073	196.76515724139222	196.7334785418296	196.70330149231822	196.67389122207788	196.64546574687319	196.61836524769572	196.5922026518642	196.56743444564913	196.54392674688862	196.52123506780808	196.4999124039103	196.4794624020116	196.45989211435395	196.44205894800007	196.42457693491266	196.40822718433773	196.3926053857903	196.37816034220927	196.3643830148169	196.3513586107181	196.33909019371077	196.3278254889435	196.31706202916192	196.3069851188036	196.29737049736227	196.28850639845666	196.28031905326384	196.272354882117	196.26479041195822	196.25817506083428	196.2514836355911	196.24585870688406	196.23965566131497	196.23446521349368	196.22958701571608	196.2246727801258	196.2204588191847	196.21629669234818	196.21225374149634	196.2089267184215	196.20560182717588	196.20277654970414	196.19939391744373
165.64651499240946	165.8020373943662	165.96665571959497	166.14118838907774	166.32526100708938	166.52182779601145	166.7284120114468	166.9470334453238	167.17626692544252	167.4219448880692	167.6772254973432	167.94540847243877	168.22800986354017	168.52672428218062	168.83707876165624	169.16470807631435	169.50508500614282	169.861128002882	170.2326511262569	170.61933560367297	171.02191839446414	171.4399419265701	171.8726700814264	172.32023680026234	172.78300517329032	173.25856660580735	173.74826295830403	174.2501830801095	174.76387398549193	175.2901233732262	175.82565882198338	176.37022926874218	176.92170652620763	177.48087430250928	178.04436941533194	178.6110140755544	179.1802271581125	179.74922041952985	180.31703196442152	180.88093582320997	181.4412204829818	181.99430491716095	182.5392958957705	183.0746912550361	183.59850094509477	184.10984526215756	184.60721331009526	185.08931342613292	185.55512577778214	186.00474815321328	186.43568370900687	186.84877646170796	187.24427032266075	187.62158392387815	187.9796607606332	188.32012153543508	188.64297711382045	188.9489450654044	189.23837877887996	189.5124380540818	189.77147854043864	190.01714833527046	190.2498957425964	190.47109203418265	190.68101998099357	190.88181027626598	191.07322129398477	191.25700662091518	191.43305880097006	191.60296655959084	191.76757682247495	191.92623496697348	192.08118717852952	192.23058784122193	192.37705624102367	192.51940808522608	192.6586564816643	192.79455485042575	192.9275939434338	193.05715163570832	193.1837853561916	193.3075879115826	193.42789002689437	193.54593312208922	193.6591421590679	193.77037037502427	193.87801618239286	193.9822048758416	194.08320074087564	194.18066456986966	194.27466354110982	194.3654855448838	194.4523156866378	194.53618081704116	194.61630861930453	194.69290882761044	194.76633977518017	194.83625561801034	194.90317435464235	194.9670410239411	195.027505019203	195.08522555927132	195.13982263376053	195.1914277902801	195.24102917142397	195.2873759293147	195.33138758363503	195.37279995734627	195.41220223650075	195.4492257795854	195.484094533327	195.51694845839606	195.54816950478758	195.5773862300845	195.6049114116301	195.63064445781248	195.6549930113541	195.67799844620083	195.69931792559635	195.71923414813702	195.73839819593238	195.75588195777576	195.7729207069506	195.7879580004552	195.80266840479672	195.81643118465547	195.8289736551569	195.8411035898386	195.85224024997115	195.86251497194854	195.87258500468175	195.88179348002726	195.89069173709075	195.89827345161854
37.11527915552518	37.16010682259751	37.208040911573036	37.258436274951585	37.3130413981154	37.36694996274992	37.42611444169177	37.48748446932604	37.55487801679868	37.61757773466106	37.69016550886303	37.76689841112268	37.845541528965086	37.92342672906778	38.010134018322645	38.09492856767023	38.18728855122767	38.28165695192679	38.378550593012854	38.47858694328878	38.58008795100288	38.68357487390032	38.789911678178285	38.898006123755096	39.006067704506805	39.11759610503042	39.22833892736674	39.34029262342623	39.4522588173408	39.56029324645715	39.66831089960147	39.773925980812486	39.87825773582991	39.976381634507305	40.07144985945824	40.162068404858275	40.24550621903317	40.323321334428385	40.39335626476638	40.45694951454813	40.509432709213705	40.55395464450203	40.58840592789246	40.61207674881679	40.62545818512411	40.62710519918008	40.61716424271874	40.59571249957111	40.562681199675026	40.516210828281494	40.46008329349078	40.39186866027435	40.31080491433597	40.218250168089725	40.11695873322941	40.00475302569987	39.883067896846875	39.75227453954902	39.61377380801445	39.46761095139187	39.315636496794475	39.157260126880786	38.99438432237934	38.82709605962252	38.6576508287684	38.48454617982867	38.31092358722294	38.135800621873486	37.9617497103174	37.787769054429	37.614136321812104	37.4439217490123	37.274180590335305	37.10993863900541	36.94708553789324	36.78892232601807	36.63417295394175	36.48391149776081	36.337588603875325	36.196747164879575	36.060456884085966	35.928619635745335	35.802582145598194	35.67980607971308	35.565337781705345	35.453330770519536	35.346825651981234	35.24539501589269	35.1483295880361	35.05612862539128	34.968487755036776	34.88467320618698	34.80617215135834	34.73080778484039	34.660019903331204	34.593305293724285	34.52988332425205	34.47040183499815	34.41379969524614	34.3601793232114	34.31025175906693	34.262722947751115	34.21839072146355	34.17704161856795	34.13676009654083	34.10011612184818	34.06534726070605	34.03306618308622	34.0021791623267	33.973517211885806	33.9467243974516	33.921616952059345	33.897526981819915	33.87529387772872	33.85438765243036	33.8351047377363	33.816722592916236	33.799249858883215	33.78346131449045	33.768877952592604	33.75428133014362	33.74160808706404	33.72846686083845	33.71804452955315	33.70706345024814	33.69683414322802	33.687967625272606	33.67891025876184	33.670883379128	33.66368089792912	33.65604203290381	33.649330398263764	33.64249271246575	33.63758648540297
